932444
sharanpranav10@gmail.com
123123
Sharan
1000
0.005000
1
1000.6001650275000
989987777
253865
sharan@gamil.com
10102023
Sharan
1000000
0.006000
1
1000720.23764753000000
989876543
660499
Prad10@gmail.com
21102023
Prady
100000
0.011250
10
101359.07668121400000
123213123
883580
john@gmail.com
23102023
John
100000
0.005000
1
100060.0165027500000
991237911
493120
@.
12321
sadsa
100000
0.007125
5
100428.39979057500000
1232
983063
shara10@gmail.com
12234444
Sharan
2200003
0.012500
10
2258249.69399565108088
982382822
462643
shar@.com
11111111
SP
100000
0.007125
5
100428.39979057500000
987654321
